23295 623 172 202 149 57 41 182 64 238270 7682
17858 591 151 194 120 3 121 430 44 357285 11533
33770 814 207 241 186 30 60 412 71 425093 12383
112596 1751 379 400 370 174 17 292 128 816716 16593
63772 1124 285 343 241 12 28 373 88 582529 14291
103062 1436 362 368 361 173 22 364 127 707948 16065
46094 910 242 284 214 6 32 298 78 430096 11308
48042 931 247 280 227 81 35 279 95 450162 11633
59380 1006 275 307 252 175 16 231 91 355059 9440
51735 948 257 284 235 64 23 226 95 388831 10222
96900 1444 351 407 311 72 22 362 135 731915 16257
25612 690 181 242 137 76 61 327 79 306477 9450
25652 643 181 195 170 93 54 224 68 261278 8145
53784 1005 262 341 204 100 27 224 112 410236 10563
73722 1197 306 368 273 176 22 293 97 558591 13215
78968 1242 317 379 281 160 23 260 103 543231 12766
45108 933 240 299 195 11 40 417 73 501306 13647
50006 954 252 274 236 18 33 322 85 441204 11663
55223 981 265 283 255 171 52 435 91 572246 14945
303849 2228 622 769 555 90 8 320 251 1245452 24200
75916 1329 311 421 239 106 30 270 133 552274 12791
48195 1009 248 320 196 80 29 279 104 443507 11237
65438 1076 289 351 241 154 32 283 95 478085 11977
38161 856 220 294 171 89 35 261 95 352042 9615
22169 600 168 177 164 60 96 289 60 321312 10129
28170 703 189 203 184 173 76 382 65 352928 10862
78388 1198 316 329 312 59 33 371 112 686942 15933
42887 873 234 259 215 155 32 261 79 344774 9453
89304 1301 337 396 297 15 15 285 110 576320 13436
74574 1214 308 344 282 83 21 295 117 473860 11929
70581 1246 300 354 258 103 28 296 117 510718 12355
27168 703 186 217 161 64 47 296 71 289339 8823
57306 997 270 296 253 118 32 219 99 454209 11540
73384 1107 306 330 286 166 29 313 104 541650 13301
115078 1561 383 416 365 173 17 298 130 734986 15836
46098 1100 242 276 226 126 55 309 90 536464 12904
111718 1622 377 456 345 104 20 327 148 716923 15804
124846 1714 399 463 356 55 12 294 147 782164 16421
16045 566 143 187 117 89 161 383 60 309131 10118
9046 421 107 136 93 21 150 344 35 214329 8035
90892 1351 340 382 312 37 15 278 118 613886 13952
29229 771 193 212 183 78 52 259 72 353501 9917
8312 392 103 113 98 108 128 219 38 139841 5427
166527 1636 460 532 409 65 8 262 175 692674 15661
26996 705 185 241 147 176 34 221 55 255312 7609
31232 792 199 247 170 30 46 298 68 396541 11028
19428 552 157 177 143 75 44 210 60 184218 6198
35314 839 212 251 187 114 59 250 82 385182 10441
29234 748 193 246 155 69 31 251 80 260183 7878
19437 589 157 211 122 75 119 400 68 294574 10053
17076 526 147 159 140 159 137 405 51 269892 9653
34162 743 209 223 201 102 98 443 78 436855 12986
39740 811 225 245 212 59 34 217 82 356714 9955
24365 646 176 196 162 116 123 425 66 314792 10776
28212 794 190 255 148 104 99 327 82 392901 10944
8787 407 106 118 98 21 71 185 35 120770 4658
20714 621 162 187 143 20 76 325 53 302655 9521
46494 965 243 276 222 7 44 297 80 493754 12535
36590 810 216 232 208 144 61 382 76 381836 11368
23146 700 172 255 119 93 94 299 82 246590 8199
46145 861 242 263 228 105 49 303 90 443753 11900
23060 630 171 215 140 116 71 237 68 228144 7246
27311 638 186 200 175 13 61 238 63 291456 9032
30512 744 197 229 174 127 116 395 73 408625 12012
37306 773 218 251 192 36 39 350 76 351912 10523
27982 669 189 194 188 134 45 267 67 254385 7985
45810 953 242 260 236 23 40 290 84 470200 12031
18418 554 153 171 141 148 50 170 53 167779 5636
9168 416 108 121 100 9 163 285 36 189106 7077
13414 492 131 139 129 17 119 338 45 220664 7987